01000000
02000000
03001001
03001002
03001003
03001004
03001005
03001006
03002001
03002002
03002003
03002004
03002005
03002006
04001001
04001002
04001003
04001004
04003001
04003002
04003003
04003004
04004001
04004002
04004003
04004004
04004005
04004006
04004007
04004008
04004009
04004010
04004011
04004012
04004013
04004014
04005001
04005002
04005003
04005005
04005006
04005007
04005008
04005009
04005010
04006001
04006002
04006003
04006004
04006005
04006006
04006007
04006008
04006009
04006010
04006020
04006012
04006013
04006011
04006014
04006015
04006016
04006017
04006018
04006019
04007001
04007002
04007003
04007004
04007005
04007006
04007007
04007009
04007010
04007013
04007014
04007015
04007016
04007017
04007018
04010001
04010002
04010003
04010004
04010005
04010006
04010007
04010008
04010009
04010010
04012001
04012002
04012003
04012004
04012005
04012006
04012007
04012008
04012009
04012010
04012011
04012012
04012013
04012014
04012015
04012016
04012017
04012020
04012018
04012019
04014001
04014002
04014003
04014004
04014005
04014006
04015001
04015002
04015003
04016001
04016002
04016003
04016004
04016006
04018001
04018010
04018002
04018003
04018004
04018005
04018008
04018006
04018009
04018007
04020001
04020002
04020003
04020004
04020005
04021001
04021002
04021003
04021004
04021005
04021006
04021007
04022001
04022002
04022003
04022004
04022005
04022007
04022006
04022008
04023001
04023002
04024001
04024002
04024003
04024004
04024005
04024006
04024007
04025001
04025002
04025003
04025004
04025005
04026001
04026002
04026003
04026004
04026005
04027001
04027002
04028001
04028002
04028003
04029001
04029002
04030001
04030002
04030003
04030004
04030005
04030006
04030007
04030008
04030009
04030010
04030011
04031001
04031002
04032001
04032002
05000000
06001001
06001002
06001003
06001004
06001005
06001006
06001007
06001008
06001009
06002001
06003001
07001001
07001002
07002001
07002002
07002003
07002004
07003001
07003002
07003003
07003004
07003005
07003006
07003007
07003008
07003009
07003010
07003011
07003012
07003013
07004001
07004002
07004003
07005001
08001001
08001002
08001003
08001004
08001005
08002001
08002002
FeiA
FeiB
FeiC
FeiD
FeiE
FeiF
FeiG
FeiH
FeiI
FeiJ
FeiK
FeiL
FeiM
FeiN
FeiO
FeiP
FeiQ
FeiR
FeiS
FeiT
FeiU
FeiY
